32.032233
30.537967
29.107400
27.754150
26.491204
25.330857
24.284629
23.363154
22.576038
21.931700
21.437196
21.098031
20.917989
20.898968
21.040867
21.341506
21.796620
22.399917
23.143206
24.016595
25.008745
26.107168
27.298541
28.569026
29.904580
31.291216
32.715232
34.163382
35.622987
37.081997
38.528997
39.953171
41.344230
42.692309
43.987849
45.221463
46.383813
47.465489
48.456913
49.348294
50.129625
50.790763
51.321604
51.712356
51.953925
52.038394
51.959565
51.713500
51.298999
50.717933
49.975384
49.079558
48.041492
46.874597
45.594123
44.216592
42.759285
41.239809
39.675750
38.084440
36.482794
34.887218
33.313567
31.777122
30.292588
28.874086
27.535130
26.288596
25.146655
24.120686
23.221161
22.457499
21.837902
21.369177
21.056553
20.903506
20.911607
21.080407
21.407375
21.887900
22.515358
23.281257
24.175443
25.186364
26.301365
27.507017
28.789428
30.134544
31.528413
32.957399
34.408345
35.868676
37.326447
38.770350
40.189663
41.574175
42.914082
44.199862
45.422148
46.571594
47.638769
48.614063
49.487644
50.249476
50.889407
51.397364
51.763642
51.979308
52.036698
51.929955
51.655572
51.212845
50.604184
49.835206
48.914620
47.853896
46.666796
45.368819
43.976652
42.507657
40.979459
39.409615
37.815397
36.213639
34.620657
33.052208
31.523480
30.049078
28.643022
27.318725
26.088947
24.965733
23.960320
23.083013
22.343037
21.748373
21.305575
21.019591
20.893585
20.928794
21.124424
21.477591
21.983338
22.634716
23.422938
24.337595
25.366926
26.498127
27.717665
29.011602
30.365885
31.766601
33.200185
34.653572
36.114290
37.570504
39.011007
40.425170
41.802858
43.134324
44.410080
45.620773
46.757049
47.809453
48.768337
49.623835
50.365880
50.984319
51.469116
51.810666
52.000213
52.030356
51.895599
51.592876
51.121993
50.485894
49.690735
48.745714
47.662724
46.455857
45.140851
43.734539
42.254355
40.717932
39.142793
37.546143
35.944734
34.354790
32.791974
31.271375
29.807501
28.414272
27.104994
25.892312
24.788145
23.803579
22.948750
22.232686
21.663141
21.246412
20.987157
20.888226
20.950522
21.172899
21.552124
22.082897
22.757948
23.568198
24.502991
25.550371
26.697386
27.930416
29.235482
30.598538
32.005718
33.443530
34.899005
36.359776
37.814115
39.250918
40.659644
42.030233
43.352990
44.618459
45.817294
46.940134
47.977492
48.919689
49.756818
50.478790
51.075452
51.536817
51.853390
52.016606
52.019346
51.856487
51.525419
51.026461
50.363101
49.542021
48.572903
47.468045
46.241858
44.910300
43.490338
41.999464
40.455311
38.875363
37.276755
35.676154
34.089692
32.532935
31.020875
29.567923
28.187897
26.893995
25.698748
24.613940
23.650508
22.818413
22.126481
21.582233
21.191705
20.959260
20.887431
20.976780
21.225814
21.630948
22.186541
22.885005
23.716981
24.671573
25.736634
26.899079
28.145204
29.461001
30.832439
32.245700
33.687373
35.144586
36.605078
38.057229
39.490034
40.893040
42.256256
43.570036
44.824954
46.011667
47.120801
48.142842
49.068071
49.886546
50.588156
51.162758
51.600421
51.891774
52.028457
52.003648
51.812613
51.453208
50.926274
50.235841
49.389115
48.396248
47.269933
46.024878
44.677248
43.244131
41.743066
40.191680
38.607407
37.007312
35.407976
33.825435
32.275162
30.772048
29.330408
27.963958
26.685788
25.508308
24.443169
23.501153
22.692042
22.024455
21.505676
21.141471
20.935908
20.891197
21.007558
21.283148
21.714029
22.294227
23.015841
23.869234
24.843281
25.925652
27.103138
28.361962
29.688093
31.067520
32.486483
33.931654
35.390258
36.850144
38.299795
39.728306
41.125309
42.480880
43.785418
45.029520
46.203847
47.299007
48.305455
49.213435
50.012969
50.693931
51.246191
51.659887
51.925782
52.035738
51.983245
51.763971
51.376253
50.821457
50.104156
49.232072
48.215816
47.068460
45.804995
44.441778
42.996003
41.485246
39.927119
38.339004
36.737892
35.140273
33.562092
32.018722
30.524961
29.095021
27.742517
26.480429
25.321046
24.275881
23.355559
22.569675
21.926640
21.433493
21.095727
20.917110
20.899522
21.042843
21.344876
21.801337
22.405916
23.150406
24.024902
25.018053
26.117361
27.309497
28.580623
29.916691
31.303719
32.728007
34.176314
35.635966
37.094918
38.541762
39.965687
41.356407
42.704061
43.999091
45.232114
46.393790
47.474706
48.465285
49.355733
50.136041
50.796066
51.325705
51.715171
51.955377
52.038420
51.958120
51.710560
51.294566
50.712039
49.968088
49.070946
48.031673
46.863701
45.582290
44.203974
42.746037
41.226088
39.661711
38.070236
36.468572
34.873122
33.299735
31.763687
30.279679
28.861824
27.523633
26.277976
25.137016
24.112126
23.213768
22.451351
21.833066
21.365707
21.054488
20.902868
20.912401
21.082620
21.410975
21.892837
22.521565
23.288650
24.183926
25.195828
26.311695
27.518090
28.801119
30.146729
31.540969
32.970208
34.421292
35.881651
37.339349
38.783080
40.202127
41.586286
42.925754
44.211011
45.432691
46.581449
47.647850
48.622284
49.494917
50.255711
50.894514
51.401255
51.766232
51.980525
52.036479
51.928259
51.652379
51.208164
50.598049
49.827682
48.905797
47.843887
46.655732
45.356844
43.963917
42.494319
40.965673
39.395538
37.801180
36.199428
34.606595
33.038434
31.510125
30.036269
28.630881
27.307368
26.078484
24.956269
23.951950
23.075823
22.337105
21.743763
21.302339
21.017765
20.893188
20.929828
21.126873
21.481420
21.988494
22.641129
23.430522
24.346251
25.376545
26.508590
27.728850
29.023385
30.378142
31.779209
33.213026
34.666531
36.127261
37.583383
39.023698
40.437581
41.814901
43.145913
44.421133
45.631206
46.766780
47.818395
48.776405
49.630940
50.371932
50.989228
51.472794
51.813031
52.001192
52.029891
51.893652
51.589432
51.117063
50.479521
49.682986
48.736683
47.652528
46.444629
45.128737
43.721692
42.240931
40.704087
39.128682
37.531916
35.930539
34.340768
32.778261
31.258103
29.794796
28.402255
27.093780
25.882011
24.778858
23.795401
22.941767
22.226972
21.658759
21.243411
20.985570
20.888070
20.951796
21.175583
21.556181
22.088270
22.764564
23.575969
24.511817
25.560140
26.707979
27.941711
29.247354
30.610863
32.018373
33.456398
34.911973
36.372738
37.826970
39.263568
40.672000
42.042206
43.364495
44.629414
45.827615
46.949737
47.986294
48.927601
49.763752
50.484655
51.080160
51.540279
51.855526
52.017346
52.018634
51.854289
51.521724
51.021286
50.356490
49.534049
48.563667
47.457666
46.230471
44.898052
43.477382
41.985958
40.441411
38.861222
37.262524
35.661978
34.075712
32.519288
31.007690
29.555325
28.176007
26.882927
25.688610
24.604833
23.642526
22.811638
22.120987
21.578081
21.188939
20.957913
20.887515
20.978293
21.228732
21.635230
22.192128
22.891822
23.724937
24.680565
25.746550
26.909798
28.156604
29.472957
30.844827
32.258398
33.700266
35.157561
36.618029
