40.536346
39.182540
37.918954
36.757889
35.710869
34.788534
34.000498
33.355190
32.859672
32.519464
32.338358
32.318269
32.459106
32.758705
33.212814
33.815154
34.557546
35.430108
36.421512
37.519274
38.710075
39.980083
41.315251
42.701594
44.125407
45.573439
47.033009
48.492061
49.939177
51.363537
52.754848
54.103244
55.399162
56.633218
57.796071
58.878312
59.870367
60.762444
61.544537
62.206505
62.738243
63.129954
63.372539
63.458072
63.380341
63.135391
62.722003
62.142028
61.400526
60.505682
59.468516
58.302427
57.022652
55.645708
54.188873
52.669750
51.105929
49.514743
47.913111
46.317442
44.743595
43.206854
41.721930
40.302944
38.963418
37.716231
36.573558
35.546786
34.646391
33.881800
33.261224
32.791480
32.477808
32.323696
32.330728
32.498469
32.824402
33.303929
33.930439
34.695453
35.588826
36.599013
37.713368
38.918465
40.200413
41.545159
42.938751
44.367548
45.818391
47.278699
48.736526
50.180556
51.600066
52.984842
54.325076
55.611246
56.833983
57.983943
59.051694
60.027629
60.901917
61.664523
62.305295
62.814159
63.181406
63.398098
63.456558
63.350917
63.077651
62.636035
62.028458
61.260518
60.340901
59.281063
58.094751
56.797455
55.405855
53.937312
52.409448
50.839823
49.245711
47.643948
46.050855
44.482194
42.953153
41.478344
40.071791
38.746909
37.516464
36.392506
35.386278
34.508090
33.767176
33.171525
32.727704
32.440668
32.313595
32.347736
32.542310
32.894447
33.399204
34.049644
34.836992
35.750848
36.779461
37.910030
39.129028
40.422519
41.776448
43.176901
44.610311
46.063609
47.524318
48.980599
50.421242
51.835613
53.213575
54.545379
55.821535
57.032690
58.169490
59.222481
60.182018
61.038233
61.781064
62.400356
62.886071
63.228599
63.419179
63.450400
63.316748
63.015143
62.545367
61.910347
61.116215
60.172151
59.090031
57.883934
56.569591
55.163827
53.684075
52.147966
50.573026
48.976463
47.375032
45.784960
44.221914
42.700987
41.236690
39.842948
38.533071
37.319710
36.214785
35.229393
34.373673
33.656662
33.086124
32.668365
32.408055
32.308056
32.369285
32.590610
32.968811
33.498602
34.172724
34.982111
35.916118
36.962793
38.109192
39.341698
40.646333
42.009051
43.415983
44.853636
46.309034
47.769810
49.224229
50.661183
52.070129
53.441003
54.764108
56.029987
57.229295
58.352669
59.390626
60.333486
61.171344
61.894112
62.491638
62.953931
63.271493
63.435751
63.439574
63.277824
62.947873
62.450020
61.787731
60.967667
59.999492
58.895489
57.670054
56.339140
54.919706
53.429244
51.885387
50.305619
48.707079
47.106438
45.519830
43.962827
42.450422
40.997032
39.616478
38.321964
37.126023
36.040446
35.076176
34.243180
33.550293
33.005045
32.613482
32.379979
32.307081
32.395365
32.643351
33.047466
33.602085
34.299631
35.130757
36.084575
37.148946
38.310790
39.556406
40.871788
42.242903
43.655932
45.097460
46.554611
48.015120
49.467363
50.900331
52.303568
53.667080
54.981219
56.236557
57.423754
58.533433
59.556083
60.481985
61.301201
62.003619
62.579096
63.017698
63.310049
63.447782
63.424062
63.234138
62.875849
62.350016
61.660647
60.814926
59.822988
58.697510
57.453190
56.106185
54.673577
53.172904
51.621793
50.037682
48.437637
46.838242
45.255539
43.705002
42.201528
40.759435
39.392442
38.113646
36.935459
35.869539
34.926674
34.116652
33.448102
32.928316
32.563072
32.356448
32.310668
32.425966
32.700510
33.130380
33.709613
34.430319
35.282874
36.256160
37.337857
38.514757
39.773088
41.098820
42.477939
43.896685
45.341725
46.800281
48.260196
49.709952
51.138638
52.535883
53.891760
55.196667
56.441201
57.616021
58.711737
59.718804
60.627469
61.427756
62.109536
62.662683
63.077328
63.344230
63.455243
63.403844
63.185684
62.799081
62.245381
61.529135
60.658044
59.642704
58.496168
57.233420
55.870809
54.425523
52.915139
51.357268
49.769296
48.168214
46.570520
44.992158
43.448509
41.954371
40.523962
39.170902
37.908173
36.748071
35.702113
34.780931
33.994127
33.350120
32.855960
32.517151
32.337470
32.318813
32.461073
32.762066
33.217522
33.821145
34.564738
35.438408
36.430813
37.529461
38.721027
39.991675
41.327359
42.714095
44.138180
45.586370
47.045987
48.504983
49.951943
51.376054
52.767027
54.114998
55.410409
56.643873
57.806052
58.887535
59.878745
60.769889
61.550960
62.211816
62.742352
63.132777
63.374000
63.458107
63.378905
63.132461
62.717580
62.136143
61.393239
60.497079
59.458706
58.291538
57.010825
55.633095
54.175628
52.656031
51.091892
49.500540
47.898889
46.303345
44.729761
43.193417
41.709016
40.290678
38.951916
37.705604
36.563912
35.538218
34.638989
33.875643
33.256379
32.788000
32.475733
32.323049
32.331513
32.500673
32.827994
33.308858
33.936638
34.702838
35.597302
36.608471
37.723692
38.929533
40.212101
41.557342
42.951305
44.380356
45.831337
47.291675
48.749428
50.193287
51.612533
52.996955
54.336751
55.622398
56.844530
57.993802
59.060781
60.035856
60.909197
61.670765
62.310410
62.818058
63.184006
63.399324
63.456349
63.349231
63.074468
62.631364
62.022333
61.253003
60.332087
59.271062
58.083694
56.785485
55.393125
53.923977
52.395665
50.825748
49.231494
47.629737
46.036792
44.468417
42.939795
41.465531
40.059645
38.735547
37.505995
36.383035
35.377900
34.500892
33.761235
33.166907
32.724458
32.438832
32.313188
32.348761
32.544750
32.898267
33.404351
34.056049
34.844568
35.759497
36.789073
37.920488
39.140209
40.434298
41.788702
43.189507
44.623150
46.076567
47.537288
48.993479
50.433934
51.848026
53.225621
54.556972
55.832592
57.043127
58.179226
59.231429
60.190092
61.045345
61.787123
62.405272
62.889757
63.230973
63.420168
63.449945
63.314811
63.011709
62.540448
61.903983
61.108474
60.163128
59.079842
57.872713
56.557482
55.150984
53.670654
52.134123
50.558916
48.962237
47.360836
45.770936
44.208199
42.687711
41.223981
39.830926
38.521852
37.309402
36.205492
35.221208
34.366681
33.650940
33.081733
32.665354
32.406458
32.307891
32.370550
32.593285
32.972859
33.503966
34.179332
34.989875
35.924937
36.972556
38.119780
39.352988
40.658201
42.021372
43.428636
44.866502
46.322003
47.782772
49.237084
50.673835
52.082486
53.452978
54.775617
56.040946
57.239620
58.362278
59.399433
60.341404
61.178285
61.899985
62.496354
62.957402
63.273639
63.436500
63.438872
63.275636
62.944188
62.444854
61.781130
60.959704
59.990265
58.885117
57.658674
56.326897
54.906755
53.415741
51.871488
50.291479
48.692848
47.092261
45.505849
43.949176
42.437233
40.984430
39.604583
38.310890
37.115879
36.031333
35.068186
34.236398
33.544791
33.000884
32.610707
32.378622
32.307156
32.396869
32.646260
33.051739
33.607663
34.306440
35.138705
36.093561
37.158856
38.321505
39.567803
40.883742
42.255289
43.668629
45.110352
46.567585
48.028072
49.480191
50.912940
